Rockville
10
120
1100
12000
120000
950000
10
120
1100
12000
120000
950000
Bobert Bobbington
0
15
15
Paradise Lost (& found)
15
100
1200
14000
120000
1100000
15
100
1200
14000
120000
1100000
Lord Pennypinch
0
40
10
Crescent Peak
10
80
1000
13000
100000
1000000
10
80
1000
13000
100000
1000000
Mrs. Woman
0
10
10
Pirate Cove
13
90
900
10000
100000
950000
13
90
900
10000
100000
950000
Mr. Man
0
5
80
The Steel Citadel
12
120
1100
12000
130000
1200000
12
120
1100
12000
130000
1200000
Bjork
0
5
90
Silent Winter City
13
80
1000
15000
130000
1100000
13
80
1000
15000
130000
1100000
Chuck
0
20
15